I
800
OBJ

PARTICLE_SYSTEM	particle_test.pss
GLOBAL_cockpit_lit
TEXTURE	chrome.png
TEXTURE_NORMAL	chrome_NML_nm.png
NORMAL_METALNESS
GLOBAL_specular	1
POINT_COUNTS	36	0	0	36

VT	-1	1	-1	-1	-0	0	0.625	0.25	# 0
VT	-1	1	1	-1	-0	0	0.625	0	# 1
VT	-1	-1	1	-1	-0	0	0.375	0	# 2
VT	-1	-1	-1	-1	0	0	0.375	0.25	# 3
VT	-1	1	-1	-1	0	0	0.625	0.25	# 4
VT	-1	-1	1	-1	0	0	0.375	0	# 5
VT	1	1	-1	0	0	-1	0.625	0.5	# 6
VT	-1	1	-1	0	0	-1	0.625	0.25	# 7
VT	-1	-1	-1	0	0	-1	0.375	0.25	# 8
VT	1	-1	-1	0	-0	-1	0.375	0.5	# 9
VT	1	1	-1	0	-0	-1	0.625	0.5	# 10
VT	-1	-1	-1	0	-0	-1	0.375	0.25	# 11
VT	1	1	1	1	0	0	0.625	0.75	# 12
VT	1	1	-1	1	0	0	0.625	0.5	# 13
VT	1	-1	-1	1	0	0	0.375	0.5	# 14
VT	1	-1	1	1	0	0	0.375	0.75	# 15
VT	1	1	1	1	0	0	0.625	0.75	# 16
VT	1	-1	-1	1	0	0	0.375	0.5	# 17
VT	-1	1	1	0	0	1	0.625	1	# 18
VT	1	1	1	0	0	1	0.625	0.75	# 19
VT	1	-1	1	0	0	1	0.375	0.75	# 20
VT	-1	-1	1	0	0	1	0.375	1	# 21
VT	-1	1	1	0	0	1	0.625	1	# 22
VT	1	-1	1	0	0	1	0.375	0.75	# 23
VT	1	-1	1	0	-1	-0	0.375	0.75	# 24
VT	1	-1	-1	0	-1	-0	0.375	0.5	# 25
VT	-1	-1	-1	0	-1	-0	0.125	0.5	# 26
VT	-1	-1	1	0	-1	-0	0.125	0.75	# 27
VT	1	-1	1	0	-1	-0	0.375	0.75	# 28
VT	-1	-1	-1	0	-1	-0	0.125	0.5	# 29
VT	-1	1	1	0	1	-0	0.875	0.75	# 30
VT	-1	1	-1	0	1	-0	0.875	0.5	# 31
VT	1	1	-1	0	1	-0	0.625	0.5	# 32
VT	1	1	1	0	1	0	0.625	0.75	# 33
VT	-1	1	1	0	1	0	0.875	0.75	# 34
VT	1	1	-1	0	1	0	0.625	0.5	# 35

IDX10	0	1	2	3	4	5	6	7	8	9
IDX10	10	11	12	13	14	15	16	17	18	19
IDX10	20	21	22	23	24	25	26	27	28	29
IDX	30
IDX	31
IDX	32
IDX	33
IDX	34
IDX	35

# 0 Empty: fukku
# EMPTY: fukku	weight: 0
	# 1 Mesh: Cube
	# MESH: Cube	weight: 0
	# MATERIAL: MonkeyMaterial
	TRIS	0 36

# Build with Blender 3.3.0 (build b'0759f671ce1f'). Exported with XPlane2Blender 4.2.0-rc.3+117.20230225221007